america=[-63.72652468526147,-54.62699441698534;
-70.30234517273223,-50.48695709087075;
-40.66128464845831,-20.97396683734014;
-34.94398179427686,-6.360809069101463;
-52.77509404023667,5.824941633766326;
-65.03241197496203,10.68581999739891;
-71.67029902372447,12.9736396553069;
-76.87844136416042,9.437887565127941;
-82.87094489935747,11.21706007625599;
-84.01164357430854,16.56524391193351;
-88.84182309338367,17.38494372110775;
-87.38900132760223,21.81743530621249;
-94.26932167143526,19.55943703344883;
-97.95938778172152,28.49226582070539;
-85.04881987290848,30.19134363460816;
-80.52425224828664,26.00632246807096;
-80.55864069081061,31.99866164895541;
-75.23983008877499,35.95497152528812;
-73.76447883799329,41.47024931745941;
-54.355384366891,49.23105985946456;
-54.04129716945795,49.96161373798007;
-65.39398994073967,60.53601642961066;
-80.35955765022241,65.51035450231265;
-104.8397889287576,69.31660066719802;
-166.1805356086251,69.65925201346272;
-166.5967940550058,64.57869710008289;
-156.8643503408366,57.63773608933188;
-139.9132424846337,59.79576377982452;
-138.8560315890558,59.44573144458673;
-125.9696080774123,48.96190868580185;
-121.6471628661555,36.46038688611583;
-110.3611515266172,23.90822141401144;
-114.4088118063113,31.48771432827381;
-105.4237087516446,20.95402127377954;
-88.59685806247178,12.07763393112568;
-81.31633357750353,6.846106485866557;
-77.57701107947453,5.937802708958471;
-81.19070583101031,0.0397342178300966;
-81.14556699656271,-5.828097335544142;
-70.48277409562405,-18.8539674442263;
-73.44711661591838,-38.00966056632173;
-76.03364521457343,-51.52223514702696;
-69.04244201066572,-55.59279652299961;
-63.72652468526147,-54.62699441698534]*pi/180; 

africa=[-6.675359307923516,35.96821349783345;
-18.62954857968353,21.42515533746985;
-16.09400190582857,10.86950425416641;
-7.542155598246023,3.494592515693463;
9.709746265578145,3.527643806984639;
8.430759054417686,-0.4857732929635321;
12.79415873621157,-11.0848155471134;
12.64437302850778,-11.3352727916618;
12.00653402421345,-17.87899221253908;
19.85415124130417,-33.74109875715443;
32.9148341530561,-27.21304910763102;
35.89314952344807,-19.68684429120876;
36.15962330652077,-19.1547734013679;
42.56862726248354,-15.00538922403041;
39.38295857580837,-4.219420514215844;
47.35336291431894,3.832443353059979;
51.99060934685119,12.25725122874925;
44.10776738708936,10.86787912368981;
32.96260858903715,30.453288679932;
20.99090094989416,32.43041545476638;
17.9311980365901,31.17376966398516;
10.46707109599902,33.44559461255972;
10.65750335788849,36.69293537236666;
9.560839679174885,37.15189790857772;
-6.675359307923516,35.96821349783345]*pi/180; 

europa=[-6.29175541900408,36.35055283616561;-4.924703259091501,36.39437060281383;-9.430386107478572,37.48478961158047;-10.06079243084114,40.19419307041673;-9.42076214062471,43.38947881545739;-1.794666822102157,43.96154541371497;-0.9551470616268837,46.32889347486885;-4.642674567008185,48.99464075603132;8.511660201660023,53.75401035197633;9.855879485635475,57.38278618009733;5.781871304815944,58.54383321554194;5.061612941673369,61.94078689235426;17.48284283479164,70.4322901363664;29.59841923232894,70.8730928600404;43.00276549421015,66.87055697812139;68.71177971664697,69.45438757519346;106.3700567978078,77.33306982627504;135.1506109972424,71.67420208608458;182.8739615957141,67.78776617178482;179.8464913863245,62.53055544372481;158.1178624081732,51.41081159547397;155.8977942721561,55.98692919800529;156.6930348875262,56.90281425094489;162.8507659715112,61.39760047790578;152.6723318489973,58.96412477280986;136.215574704774,54.69181964456637;142.4893808069188,52.42330558954841;140.2473105710748,48.90013845424363;133.3635490794684,42.77889730208327;127.550447089164,38.93205618311885;129.071145027534,35.51850949952643;126.21605651797,34.50425287379415;124.0658161007017,39.47805853739155;118.0843540976367,38.56368948504962;122.4081978307997,37.0740826001037;119.9224449511209,34.85410410296602;122.2199000648107,29.25426257140171;115.0310210430045,22.58598961350738;110.4335365706295,21.04307813392615;110.9805078692555,19.0360735108341;108.5730414413589,18.79102255008906;109.4480474482601,21.16113971698144;105.8523213796032,19.52949991550237;108.9779627572666,15.09084768131338;108.6978710084313,11.26460374079448;105.0049834791661,8.641467395943616;100.1916815757838,13.01047190084874;99.86519134865318,9.134377223012406;103.4965650466454,5.011353521275298;104.0006409619999,1.46934367025134;101.1176701704334,3.012358317498848;100.0941978663636,6.687324995311852;98.0351222623287,8.794152911093628;97.96787024952792,8.878540907423883;97.25884938287361,16.58728049540313;94.44900487842895,16.39487580659169;93.03365973102373,20.89373868174571;91.11971092700898,22.55166607727303;87.68097887374951,20.87060795790488;80.71928032221808,15.86135141793999;79.20525979154488,10.03966704430566;77.08824960569235,8.349314581881719;72.83041073900208,21.23472991279089;70.3847466298763,20.81546240916412;69.2879176745913,22.79945001227627;66.33547512495083,25.66119221544596;57.36690923680523,25.76079236224056;56.47408307509473,27.05847007207563;53.45501063247162,26.29311534842312;49.58180090818957,30.25827401668798;48.03047707400013,29.41341310866384;52.32563770685569,24.35606883033206;52.58474016801685,24.31109871193554;55.63133287982541,25.83453807158002;59.52670830659321,22.68832479169879;57.42377733061382,18.71529663071965;51.64643536402794,15.0696789637971;43.93580003334237,13.10480452466159;33.52679275235558,31.22013436373615;35.63544957767694,33.25867812627732;35.77615625464455,36.58046228063965;32.82493860882463,36.04464071376743;28.59763720491868,36.81136398510492;26.30823966486595,40.44168717149527;23.34473900323633,39.94186971360749;23.81588773840751,38.09956369994282;23.73610052132122,38.09412145424496;22.30144718578761,36.87417792819502;19.90867472922479,39.91603769811944;18.96952259862283,42.08727079098105;13.68982783506181,45.25078395321949;12.27651676750047,44.53821302336364;18.29237340783513,39.93219924585421;17.09990763016728,39.05949906300805;9.55844961331284,43.947803483461;6.51156229206765,42.95222615709757;3.075843380043144,42.78092415442482;3.008820471867089,41.75332196392485;-0.3140238290072604,37.81709327179522;-4.368655325658361,36.70153284824602;-6.29175541900408,36.35055283616561]*pi/180; 

australia=[113.8653574857077,-22.14830175955522;126.9561364539504,-13.63480822135974;136.5910339903112,-11.78710017731833;136.6045143739637,-11.88735450138664;136.230290059567,-14.87629573491525;140.8401571573034,-17.03897912247519;142.4461037872296,-10.45214021806936;153.6669269456448,-25.62026312956286;149.1256962860438,-37.9289018603846;140.2843149536349,-37.91695078602673;130.5663531962566,-31.59840460024034;117.7091603186053,-34.97408583631608;117.8307027079022,-34.83244697061652;113.4629692533209,-26.66715670530505; 113.8653574857077,-22.14830175955522]*pi/180; 

